[0.29907871 0.64057897 0.48439381 0.83200371 0.82408678 0.36113938
 0.36402348 0.8573685  1.30588524 0.99995019 0.42423046 0.53429221
 0.70331746 0.73642792 0.43346403 0.58487846 0.5359888  0.09800896
 0.81381534 1.01633991 0.42947624 0.63416305 0.1935354  0.43240289
 1.17731844 0.66951722 0.45360888 0.8370468  0.39392919 0.59093132
 0.98410959 0.48319916 0.8578064  0.25959377 0.72661499 0.72698343
 0.32043128 1.14459622 0.48779261 1.09114495 0.17527352 0.29329624
 0.15899309 0.69403869 0.61477425 0.56098838 0.1532864  0.58508523
 0.40340699 0.53589418 0.23081645 0.62642515 0.58903611 0.07571118
 0.63611004 1.10014003 0.83975753 1.7374507  1.31019458 0.84194741
 0.37055496 0.64328593 0.51591245 0.3023762  0.44245798 0.16774019
 0.49515162 1.52882264 0.24200318 0.23781738 0.76790895 0.60809653
 0.51079739 0.22626499 0.32844018 1.06289941 0.46837248 0.56313063
 0.07346547 0.38195931 0.4837522  0.63108663 1.12054039 0.64407903
 0.72861606 0.2648093  0.77756445 0.90683335 0.65187005 0.48484157
 0.26714157 0.5912054  0.55672118 1.26550558 0.51771284 0.53556302
 0.5639978  0.88597706 0.17190086 0.68823025]
[41.6361725  43.85304855 42.425679   44.96472492 43.66317337 41.0385854
 40.47572333 43.12308097 45.64726282 44.02852206 41.50167538 42.92901192
 42.12960007 42.78840966 42.15345413 43.20734785 42.91403402 38.48935111
 44.02200845 45.49348403 41.12442734 42.43426496 40.95384945 40.67303793
 45.41974758 41.38412117 41.57489699 44.35631529 41.44279219 42.52080021
 44.73365314 40.44836116 43.73973073 40.93682681 43.00695644 42.65197548
 40.47569605 44.90728053 40.58123887 44.73434708 39.18782683 40.60774377
 39.99757862 43.77679993 43.02875083 42.7005633  40.01713479 44.47341077
 42.29166558 41.52310588 38.39741027 44.69697233 41.03100827 38.68032347
 43.65443054 43.99305977 44.31984612 44.74532937 46.01542876 43.13336621
 42.12725671 43.86382122 42.22043135 43.13342988 42.39951315 40.2189722
 41.78001517 45.20348446 41.63584333 39.62962917 41.33982132 42.45204301
 41.47045908 40.53942813 41.66362237 43.54157458 41.78066489 41.69520148
 36.846956   41.76398102 42.75984556 43.04804394 45.35933145 43.87095979
 43.18398943 40.12399374 42.5202532  42.63376861 43.08992651 41.96218406
 42.58715034 42.81244571 41.196534   46.16398628 40.31104406 41.15578543
 42.91678996 43.76685359 40.70292806 41.70660771]
[0.91862497 0.95818624 0.94340343 0.97222794 0.97171179 0.92819662
 0.92860378 0.97385018 0.9966678  0.98218018 0.93649091 0.948558
 0.96318467 0.9656542  0.93760835 0.95334492 0.94872528 0.86485225
 0.97103496 0.98306194 0.93712847 0.95764923 0.89710554 0.93748105
 0.99104229 0.96054687 0.93997207 0.97255426 0.93265984 0.95389152
 0.98131431 0.94327408 0.97387777 0.91153822 0.96493354 0.96496076
 0.92210777 0.98951197 0.94376982 0.98691576 0.89231065 0.91764268
 0.88762944 0.96247275 0.95599473 0.95113453 0.88588283 0.95336368
 0.93388642 0.94871596 0.90572161 0.95699473 0.95372094 0.85295833
 0.95781273 0.98736141 0.97272887 1.01211963 0.99684655 0.97286954
 0.92951505 0.95841129 0.94671347 0.91917738 0.93867591 0.89019692
 0.94455508 1.00520951 0.9080577  0.90719541 0.96790571 0.95541351
 0.94618927 0.90474131 0.92335956 0.98549227 0.94164366 0.95133629
 0.85158066 0.93107145 0.943334   0.95738992 0.98835882 0.95847705
 0.96508125 0.91252869 0.96857855 0.97688395 0.95911907 0.94345183
 0.91296584 0.95391614 0.95073047 0.99496335 0.94689682 0.94868334
 0.95141776 0.97562492 0.89137494 0.96202247]
